--------------------------------------------
Absolute Orientation Result: 
Iteration: 6
Residual:
[0.5163577385496707;
 -0.6921370044471201;
 1.572508873340425;
 0.3331643609332666;
 -0.2215259653870658;
 0.575061041931286;
 0.9532346463092037;
 1.022916866342835;
 7.904770760522094;
 0.6416321500132859;
 -1.13805462235209;
 -5.902552281524503;
 -2.368404621802839;
 -0.003414152833195573;
 -9.77148379775735;
 -0.07598427400258775;
 1.032214878676636;
 5.621695403488049]
Seven Parameters of Relative Orientation(¦¤X ¦¤Y ¦¤Z ¦Ë ¦µ ¦¸ ¦Ê): 
27777.7	2.69927e+06	120.398	10.0108	0.00724992	-0.00168575	-0.0571861
RMS Error£º4.65601
Coordinate of ground points: 
1	27314.028358	2700167.009863	105.522509	-0.516358	0.692137	-1.572509
2	28501.271164	2700184.194474	97.925061	-0.333164	0.221526	-0.575061
3	27142.921235	2698423.977917	109.898771	-0.953235	-1.022917	-7.904771
4	28410.497632	2698318.501945	149.901448	-0.641632	1.138055	5.902552
5	27100.070595	2699324.436586	153.518516	2.368405	0.003414	9.771484
6	28197.666016	2699202.865215	105.621695	0.075984	-1.032215	-5.621695
